46 46 00 06 00 00 00 06 00 0C
04 00 00 01 00 00 01 72 00 00 97 5A
46 46 00 06 00 00 00 06 00 0C
04 00 00 00 00 00 01 4A 00 00 97 32
46 46 00 06 00 00 00 06 00 0C
04 00 00 02 00 00 00 C9 00 00 96 B1
46 46 00 06 00 00 00 06 00 0C
04 00 00 05 00 00 00 3A 00 00 95 AE
46 46 00 06 00 00 00 06 00 0C
04 00 00 04 00 00 00 47 00 00 95 96
46 46 00 06 00 00 00 06 00 0C
04 00 00 02 00 00 00 2D 00 00 96 15
46 46 00 06 00 00 00 06 00 0C
04 00 00 01 00 00 01 81 00 00 97 69
46 46 00 06 00 00 00 06 00 0C
04 00 00 09 00 00 00 09 00 00 95 F1
46 46 00 06 00 00 00 06 00 0C
04 00 00 01 00 00 00 0D 00 00 95 DB
46 46 00 06 00 00 00 06 00 0C
04 00 00 05 00 00 00 1F 00 00 95 C9
46 46 00 06 00 00 00 06 00 0C
04 00 00 04 00 00 00 81 00 00 95 67
46 46 00 06 00 00 00 06 00 0C
04 00 00 02 00 00 00 50 00 00 96 38
46 46 00 06 00 00 00 06 00 0C
04 00 00 01 00 00 03 72 00 00 99 5A
46 46 00 06 00 00 00 06 00 0C
04 00 00 02 00 00 02 FC 00 00 98 E4
46 46 00 06 00 00 00 06 00 0C
04 00 00 01 00 00 00 FA 00 00 96 E2
46 46 00 06 00 00 00 06 00 0C
04 00 00 02 00 00 01 EC 00 00 97 D4
80 06 00 01 00 00 40 00
12 01 10 01 02 00 00 08
00 05 08 00 00 00 00 00
80 06 00 01 00 00 12 00
12 01 10 01 02 00 00 08
EB 03 24 61 10 01 00 00
00 01
80 06 00 02 00 00 09 00
09 02 43 00 02 01 00 C0
00
80 06 00 02 00 00 43 00
09 02 43 00 02 01 00 C0
00 09 04 00 00 01 02 02
00 00 05 24 00 10 01 04
24 02 00 05 24 06 00 01
05 24 01 00 01 07 05 83
03 08 00 FF 09 04 01 00
02 0A 00 00 00 07 05 01
02 40 00 00 07 05 82 02
40 00 00
00 09 01 00 00 00 00 00
21 20 00 00 00 00 07 00
80 25 00 00 00 00 08
00 09 01 00 00 00 00 00
4E 23
0A 0D
77 66 66 66 66 66 32 34 30 2C 34 23
43 09 0B 27
68 30 30 31 30 38 30 30 30 2C 32 23
8C 12
68 30 30 31 30 38 30 30 32 2C 32 23
04 02
6F 30 30 31 30 38 30 30 34 2C 23
00
6F 30 30 31 30 38 30 30 35 2C 23
01
68 30 30 31 33 66 66 65 30 2C 32 23
04 00
68 30 30 31 33 66 66 65 32 2C 32 23
07 00
68 30 30 31 30 38 30 30 36 2C 32 23
A4 00
47 30 30 31 30 38 32 30 30 23
80 06 00 01 00 00 40 00
12 01 10 01 00 00 00 08
00 05 09 00 00 00 00 00
80 06 00 01 00 00 12 00
12 01 10 01 00 00 00 08
8C 12 04 02 00 00 01 02
03 01
80 06 00 02 00 00 09 00
09 02 27 00 01 01 04 E0
32
80 06 00 02 00 00 27 00
09 02 27 00 01 01 04 E0
32 09 04 00 00 03 FF FF
FF 05 07 05 81 03 40 00
0A 07 05 02 02 40 00 00
07 05 03 03 40 00 0A
80 06 00 03 00 00 FF 00
04 03 09 04
80 06 02 03 09 04 FF 00
24 03 45 00 76 00 6F 00
6C 00 75 00 74 00 69 00
6F 00 6E 00 20 00 50 00
72 00 69 00 6E 00 74 00
65 00 72 00
80 06 01 03 09 04 FF 00
16 03 48 00 4F 00 42 00
41 00 52 00 54 00 20 00
46 00 45 00 47 00
80 06 03 03 09 04 FF 00
1C 03 53 00 65 00 72 00
69 00 61 00 6C 00 20 00
4E 00 75 00 6D 00 62 00
65 00 72 00
00 09 01 00 00 00 00 00
80 06 04 03 09 04 FF 00
20 03 43 00 6F 00 6E 00
66 00 69 00 67 00 20 00
4E 00 75 00 6D 00 62 00
65 00 72 00 20 00 30 00
80 06 05 03 09 04 FF 00
1E 03 49 00 6E 00 74 00
65 00 72 00 66 00 61 00
63 00 65 00 20 00 4E 00
61 00 6D 00 65 00
46 46 00 24 00 00 00 24 00 10
04 00 00 FF 01 01 92 00 00 00 00 00 01 00 00 00
46 46 00 24 00 00 00 24 00 10
04 00 00 7F 00 01 92 00 00 00 00 00 01 00 00 00
46 46 00 24 00 00 00 24 00 0A
00 00 00 01 2C A0 00 38 00 00
00 00 00 09 04 64 00 24 00 02
46 46 00 06 00 00 00 06 00 03
40 00
00 00 00
00 00 00 09 46 46 00 08 00 02
04 00
00 00 00 09 46 46 00 08 00 02
02 00
00 00 00 09 46 46 00 24 00 06
0A 00 02 08 01 00
00 00 00 09 46 46 00 24 00 F6
0B FF 00 02 03 00 02 01 00 12 00 00 00 00 00 00 00 00 00 00 00 00 00 00 00 00 00 00 00 00 00 00 00 00 00 00 00 00 00 00 00 00 00 00 00 00 00 00 00 00 00 00 00 00 00 00 00 00 00 00 00 00 00 00
00 00 00 00 00 00 00 00 00 00 00 00 00 00 00 00 00 00 00 00 00 00 00 00 00 00 00 00 00 00 00 00 00 00 00 00 00 00 00 00 00 00 00 00 00 00 00 00 00 00 00 00 00 00 00 00 00 00 00 00 00 00 00 00
00 00 00 00 00 00 00 00 00 00 00 00 00 00 00 00 00 00 00 00 00 00 00 00 00 00 00 00 00 00 00 00 00 00 00 00 00 00 00 00 00 00 00 00 00 00 00 00 00 00 00 00 00 00 00 00 00 00 00 00 00 00 00 00
00 00 00 00 00 00 00 00 00 00 00 00 00 00 00 00 00 00 00 00 00 00 00 00 00 00 00 00 00 00 00 00 00 00 00 00 00 00 00 00 00 00 00 00 00 00 00 00 00 00 00 00 00 00
00 00 00 09 46 46 00 24 00 F6
0B E9 00 02 04 00 01 01 00 11 01 00 00 00 00 00 00 00 00 00 00 00 00 00 00 00 00 00 00 00 00 00 00 00 00 00 00 00 00 00 00 00 00 00 00 00 00 00 00 00 00 00 00 00 00 00 00 00 00 00 00 00 00 00
00 00 00 00 00 00 00 00 00 00 00 00 00 00 00 00 00 00 00 00 00 00 00 00 00 00 00 00 00 00 00 00 00 00 00 00 00 00 00 00 00 00 00 00 00 00 00 00 00 00 00 00 00 00 00 00 00 00 00 00 00 00 00 00
46 46 00 08 00 00 00 09 00 2A
00 00 00 00 00 00 00 00 00 00 00 00 00 00 00 00 00 00 00 00 00 00 00 00 00 00 00 00 00 00 00 00 00 00 00 00 00 00 00 00 00 00 00 00 00 00 00 00 00 00 00 00 00 00 00 00 00 00 00 00 00 00 00 00
04 00 00 00 00 00 45 73 00 00 00 00 00 00 00 00 00 00 00 00 00 00 45 73 00 00 00 00 00 04 00 07 00 00 46 46 00 00 00 00 00 00
00 00 00 00 00 00 00 00 00 00 00 00 00 00 00 00 00 00 00 00 00 00 00 00 00 00 00 00 00 00 00 00 00 00 00 00 00 00 00 00 00 00 00 00 00 00 00 00 00 00 00 00 00 00
46 46 00 08 00 00 00 09 00 1B
00 00 00 09 46 46 00 24 00 F6
53 59 00 00 00 00 46 46 00 00 00 00 00 FF 00 00 FF 00 00 FF FF FF FF 73 00 00 00
0B DE 00 01 05 00 00 00 00 00 00 00 00 00 00 00 00 00 00 00 00 00 00 00 00 00 00 00 00 00 00 00 00 00 00 00 00 00 00 00 00 00 00 00 00 00 00 00 00 00 00 00 00 00 00 00 00 00 00 00 00 00 00 00
00 00 00 00 00 00 00 00 00 00 00 00 00 00 00 00 00 00 00 00 00 00 00 00 00 00 00 00 00 00 00 00 00 00 00 00 00 00 00 00 00 00 00 00 00 00 00 00 00 00 00 00 00 00 00 00 00 00 00 00 00 00 00 00
00 00 00 00 00 00 00 00 00 00 00 00 00 00 00 00 00 00 00 00 00 00 00 00 00 00 00 00 00 00 00 00 00 00 00 00 00 00 00 00 00 00 00 00 00 00 00 00 00 00 00 00 00 00 00 00 00 00 00 00 00 00 00 00
00 00 00 00 00 00 00 00 00 00 00 00 00 00 00 00 00 00 00 00 00 00 00 00 00 00 00 00 00 00 00 00 00 00 00 00 00 00 00 00 00 00 00 00 00 00 00 00 00 00 00 00 00 00
00 00 00 09 46 46 00 24 00 F6
0B 6B 00 01 06 00 00 00 00 00 00 00 00 00 00 00 00 00 00 00 00 00 00 00 00 00 00 00 00 00 00 00 00 00 00 00 00 00 00 00 00 00 00 00 00 00 00 00 00 00 00 00 00 00 00 00 00 00 00 00 00 00 00 00
00 00 00 00 00 00 00 00 00 00 00 00 00 00 00 00 00 00 00 00 00 00 00 00 00 00 00 00 00 00 00 00 00 00 00 00 00 00 00 00 00 00 00 00 00 00 00 00 00 00 00 00 00 00 00 00 00 00 00 00 00 00 00 00
00 00 00 00 00 00 00 00 00 00 00 00 00 00 00 00 00 00 00 00 00 00 00 00 00 00 00 00 00 00 00 00 00 00 00 00 00 00 00 00 00 00 00 00 00 00 00 00 00 00 00 00 00 00 00 00 00 00 00 00 00 00 00 00
00 00 00 00 00 00 00 00 00 00 00 00 00 00 00 00 00 00 00 00 00 00 00 00 00 00 00 00 00 00 00 00 00 00 00 00 00 00 00 00 00 00 00 00 00 00 00 00 00 00 00 00 00 00
00 00 00 09 46 46 00 24 00 F6
0B A5 00 08 07 00 03 00 0B B8 00 02 00 00 06 01 40 40 00 00 00 01 06 00 02 02 02 00 00 00 03 00 09 08 00 81 81 00 06 00 81 81 00 01 00 01 06 01 40 40 00 00 00 01 05 00 02 02 00 00 00 00 00 00
00 00 00 00 00 00 00 00 00 00 00 00 00 00 00 00 00 00 00 00 00 00 00 00 00 00 00 00 00 00 00 00 00 00 00 00 00 00 00 00 00 00 00 00 00 00 00 00 00 00 00 00 00 00 00 00 00 00 00 00 00 00 00 00
00 00 00 00 00 00 00 00 00 00 00 00 00 00 00 00 00 00 00 00 00 00 00 00 00 00 00 00 00 00 00 00 00 00 00 00 00 00 00 00 00 00 00 00 00 00 00 00 00 00 00 00 00 00 00 00 00 00 00 00 00 00 00 00
00 00 00 00 00 00 00 00 00 00 00 00 00 00 00 00 00 00 00 00 00 00 00 00 00 00 00 00 00 00 00 00 00 00 00 00 00 00 00 00 00 00 00 00 00 00 00 00 00 00 00 00 00 00
00 00 00 09 46 46 00 24 00 F6
0B 98 00 0C 08 00 09 02 00 00 00 00 00 00 09 00 00 00 00 00 00 00 03 00 09 08 00 0D 0D 00 06 01 40 40 00 00 00 01 06 00 04 04 00 00 00 01 09 01 00 00 00 00 00 00 02 01 00 01 00 00 00 00 03 00
09 08 00 0D 0D 00 09 02 00 00 00 00 00 00 06 00 0D 0D 00 01 00 01 06 01 40 40 00 00 00 01 00 00 00 00 00 00 00 00 00 00 00 00 00 00 00 00 00 00 00 00 00 00 00 00 00 00 00 00 00 00 00 00 00 00
00 00 00 00 00 00 00 00 00 00 00 00 00 00 00 00 00 00 00 00 00 00 00 00 00 00 00 00 00 00 00 00 00 00 00 00 00 00 00 00 00 00 00 00 00 00 00 00 00 00 00 00 00 00 00 00 00 00 00 00 00 00 00 00
00 00 00 00 00 00 00 00 00 00 00 00 00 00 00 00 00 00 00 00 00 00 00 00 00 00 00 00 00 00 00 00 00 00 00 00 00 00 00 00 00 00 00 00 00 00 00 00 00 00 00 00 00 00
00 00 00 09 46 46 00 24 00 F6
0B 08 00 07 01 00 03 00 0B B8 00 02 00 00 06 01 40 40 00 00 00 01 06 00 02 02 02 00 00 00 03 00 09 08 00 81 81 00 06 00 81 81 00 01 00 01 06 01 40 40 00 00 00 01 00 00 00 00 00 00 00 00 00 00
00 00 00 00 00 00 00 00 00 00 00 00 00 00 00 00 00 00 00 00 00 00 00 00 00 00 00 00 00 00 00 00 00 00 00 00 00 00 00 00 00 00 00 00 00 00 00 00 00 00 00 00 00 00 00 00 00 00 00 00 00 00 00 00
00 00 00 00 00 00 00 00 00 00 00 00 00 00 00 00 00 00 00 00 00 00 00 00 00 00 00 00 00 00 00 00 00 00 00 00 00 00 00 00 00 00 00 00 00 00 00 00 00 00 00 00 00 00 00 00 00 00 00 00 00 00 00 00
00 00 00 00 00 00 00 00 00 00 00 00 00 00 00 00 00 00 00 00 00 00 00 00 00 00 00 00 00 00 00 00 00 00 00 00 00 00 00 00 00 00 00 00 00 00 00 00 00 00 00 00 00 00
00 00 00 09 46 46 00 24 00 02
08 00
46 46 00 24 00 00 00 24 00 1E
00 00 00 09 46 46 00 24 00 02
08 00 00 7E 00 7E FF FF 00 C3 00 00 FF FF 00 FF 00 A5 00 D2 00 FF 00 88 00 06 00 47 00 07
04 00
46 46 00 24 00 00 00 24 00 10
00 00 00 09 46 46 00 24 00 02
04 00 00 7F 00 01 92 00 00 00 02 08 01 00 00 00
02 00
46 46 00 24 00 00 00 24 00 32
02 00 00 00 50 52 00 00 00 00 00 00 25 C8 00 01 00 4B 00 19 00 00 00 96 00 00 00 00 00 00 00 00 00 00 00 00 00 00 00 00 00 00 00 00 00 00 00 00 00 00
00 00 00 09 46 46 00 08 00 02
04 00
46 46 00 08 00 00 00 09 00 2A
00 00 00 09 46 46 00 08 00 02
04 59 00 00 00 00 45 73 00 00 00 00 00 00 00 00 00 00 00 00 00 00 45 73 00 00 00 00 00 04 00 07 00 00 46 46 00 00 00 00 00 00
02 00
46 46 00 08 00 00 00 09 00 1B
00 00 00 09 46 46 00 24 00 08
53 59 00 00 00 00 46 46 00 00 00 00 00 FF 00 00 FF 00 00 FF FF FF FF 73 00 00 00
0C 00 08 00 00 00 00 00
00 00 00 09 46 46 00 06 00 04
07 00 03 00
00 00 00 09 46 46 00 06 00 02
04 00
46 46 00 06 00 00 00 06 00 0C
00 00 00 09 46 46 00 08 00 02
04 00 00 40 00 02 1A 94 00 02 1A 92
04 00
46 46 00 08 00 00 00 09 00 2A
00 00 00 09 46 46 00 06 00 02
04 59 00 00 00 00 45 73 00 00 00 00 00 00 00 00 00 00 00 00 00 00 45 73 00 00 00 00 00 04 00 07 00 00 46 46 00 00 00 00 00 00
02 00
46 46 00 06 00 00 00 06 00 6A
00 00 00 09 46 46 00 08 00 02
02 00 00 00 57 47 00 00 00 00 00 00 95 EB 00 00 00 05 00 04 97 64 00 00 33 22 00 02 3A EA 00 00 00 00 00 0F 00 14 00 05 00 01 00 03 00 3C 00 3C 00 3C 00 0F 00 64 00 24 00 08 00 18 00 01 00 00
02 00
75 30 17 70 00 04 58 EE 0B 34 00 02 5A 96 FE 2E 00 06 00 00 00 00 00 00 00 00 00 59 31 84 00 7F 79 A6 00 00 03 00 00 00 64 08
00 00 00 09 46 46 00 06 00 02
46 46 00 08 00 00 00 09 00 1B
02 00
53 59 00 00 00 00 46 46 00 00 00 00 00 FF 00 00 FF 00 00 FF FF FF FF 73 00 00 00
46 46 00 06 00 00 00 06 00 6A
02 00 00 00 57 47 00 00 00 00 00 00 95 EB 00 00 00 05 00 04 97 64 00 00 33 22 00 02 3A EA 00 00 00 00 00 0F 00 14 00 05 00 01 00 03 00 3C 00 3C 00 3C 00 0F 00 64 00 24 00 08 00 18 00 01 00 00
75 30 17 70 00 04 58 EE 0B 34 00 02 5A 96 FE 2E 00 06 00 00 00 00 00 00 00 00 00 59 31 84 00 7F 79 A6 00 00 03 00 00 00 64 08
00 00 00 09 46 46 00 06 00 02
04 00
46 46 00 06 00 00 00 06 00 0C
00 00 00 09 46 46 00 06 00 02
04 00 00 40 00 02 1A 94 00 02 1A A3
04 00
46 46 00 06 00 00 00 06 00 0C
04 00 00 40 00 02 1A 94 00 02 1A A4
00 00 00 09 46 46 00 06 00 02
04 00
46 46 00 06 00 00 00 06 00 0C
00 00 00 09 46 46 00 06 00 02
04 00 00 40 00 02 1A AB 00 02 1A AB
04 00
46 46 00 06 00 00 00 06 00 0C
04 00 00 40 00 02 1A AB 00 02 1A AB
46 46 00 24 00 00 00 24 00 10
04 00 02 08 00 01 11 00 00 00 02 08 01 00 00 00
46 46 00 24 00 00 00 24 00 10
04 00 00 88 00 01 1D 00 03 99 02 08 01 00 00 00
00 00 00 09 46 46 00 24 00 06
11 00 03 2C 03 99
00 00 00 09 46 46 00 24 00 06
0A 00 02 08 01 00
00 00 00 09 46 46 00 24 00 F6
0B 2A 00 02 03 00 02 01 00 12 00 00 00 00 00 00 00 00 00 00 00 00 00 00 00 00 00 00 00 00 00 00 00 00 00 00 00 00 00 00 00 00 00 00 00 00 00 00 00 00 00 00 00 00 00 00 00 00 00 00 00 00 00 00
00 00 00 00 00 00 00 00 00 00 00 00 00 00 00 00 00 00 00 00 00 00 00 00 00 00 00 00 00 00 00 00 00 00 00 00 00 00 00 00 00 00 00 00 00 00 00 00 00 00 00 00 00 00 00 00 00 00 00 00 00 00 00 00
00 00 00 00 00 00 00 00 00 00 00 00 00 00 00 00 00 00 00 00 00 00 00 00 00 00 00 00 00 00 00 00 00 00 00 00 00 00 00 00 00 00 00 00 00 00 00 00 00 00 00 00 00 00 00 00 00 00 00 00 00 00 00 00
00 00 00 00 00 00 00 00 00 00 00 00 00 00 00 00 00 00 00 00 00 00 00 00 00 00 00 00 00 00 00 00 00 00 00 00 00 00 00 00 00 00 00 00 00 00 00 00 00 00 00 00 00 00
00 00 00 09 46 46 00 24 00 F6
0B 9E 00 08 04 00 01 01 00 11 00 00 00 00 03 00 09 08 00 81 81 00 06 00 02 02 02 00 00 00 06 00 81 81 00 01 00 01 07 00 08 00 00 00 00 00 05 00 02 02 00 00 00 00 07 01 08 00 00 00 00 00 00 00
00 00 00 00 00 00 00 00 00 00 00 00 00 00 00 00 00 00 00 00 00 00 00 00 00 00 00 00 00 00 00 00 00 00 00 00 00 00 00 00 00 00 00 00 00 00 00 00 00 00 00 00 00 00 00 00 00 00 00 00 00 00 00 00
00 00 00 00 00 00 00 00 00 00 00 00 00 00 00 00 00 00 00 00 00 00 00 00 00 00 00 00 00 00 00 00 00 00 00 00 00 00 00 00 00 00 00 00 00 00 00 00 00 00 00 00 00 00 00 00 00 00 00 00 00 00 00 00
00 00 00 00 00 00 00 00 00 00 00 00 00 00 00 00 00 00 00 00 00 00 00 00 00 00 00 00 00 00 00 00 00 00 00 00 00 00 00 00 00 00 00 00 00 00 00 00 00 00 00 00 00 00
00 00 00 09 46 46 00 24 00 F6
0B 13 00 07 05 00 03 00 09 08 00 81 81 00 03 00 09 08 00 81 81 00 06 00 81 81 00 01 00 01 07 00 08 00 00 00 00 00 05 00 02 02 00 00 00 00 07 01 08 00 00 00 00 00 00 00 00 00 00 00 00 00 00 00
00 00 00 00 00 00 00 00 00 00 00 00 00 00 00 00 00 00 00 00 00 00 00 00 00 00 00 00 00 00 00 00 00 00 00 00 00 00 00 00 00 00 00 00 00 00 00 00 00 00 00 00 00 00 00 00 00 00 00 00 00 00 00 00
00 00 00 00 00 00 00 00 00 00 00 00 00 00 00 00 00 00 00 00 00 00 00 00 00 00 00 00 00 00 00 00 00 00 00 00 00 00 00 00 00 00 00 00 00 00 00 00 00 00 00 00 00 00 00 00 00 00 00 00 00 00 00 00
00 00 00 00 00 00 00 00 00 00 00 00 00 00 00 00 00 00 00 00 00 00 00 00 00 00 00 00 00 00 00 00 00 00 00 00 00 00 00 00 00 00 00 00 00 00 00 00 00 00 00 00 00 00
00 00 00 09 46 46 00 24 00 F6
0B 60 00 06 06 00 03 00 09 08 00 81 81 00 06 00 81 81 00 01 00 01 07 00 08 00 00 00 00 00 07 01 08 00 00 00 00 00 05 00 02 02 00 00 00 00 00 00 00 00 00 00 00 00 00 00 00 00 00 00 00 00 00 00
00 00 00 00 00 00 00 00 00 00 00 00 00 00 00 00 00 00 00 00 00 00 00 00 00 00 00 00 00 00 00 00 00 00 00 00 00 00 00 00 00 00 00 00 00 00 00 00 00 00 00 00 00 00 00 00 00 00 00 00 00 00 00 00
00 00 00 00 00 00 00 00 00 00 00 00 00 00 00 00 00 00 00 00 00 00 00 00 00 00 00 00 00 00 00 00 00 00 00 00 00 00 00 00 00 00 00 00 00 00 00 00 00 00 00 00 00 00 00 00 00 00 00 00 00 00 00 00
00 00 00 00 00 00 00 00 00 00 00 00 00 00 00 00 00 00 00 00 00 00 00 00 00 00 00 00 00 00 00 00 00 00 00 00 00 00 00 00 00 00 00 00 00 00 00 00 00 00 00 00 00 00
00 00 00 09 46 46 00 24 00 F6
0B CD 00 08 07 00 03 00 0B B8 00 02 00 00 06 01 40 40 00 00 00 01 06 00 02 02 02 00 00 00 03 00 09 08 00 81 81 00 06 00 81 81 00 01 00 01 06 01 40 40 00 00 00 01 05 00 02 02 00 00 00 00 00 00
00 00 00 00 00 00 00 00 00 00 00 00 00 00 00 00 00 00 00 00 00 00 00 00 00 00 00 00 00 00 00 00 00 00 00 00 00 00 00 00 00 00 00 00 00 00 00 00 00 00 00 00 00 00 00 00 00 00 00 00 00 00 00 00
00 00 00 00 00 00 00 00 00 00 00 00 00 00 00 00 00 00 00 00 00 00 00 00 00 00 00 00 00 00 00 00 00 00 00 00 00 00 00 00 00 00 00 00 00 00 00 00 00 00 00 00 00 00 00 00 00 00 00 00 00 00 00 00
00 00 00 00 00 00 00 00 00 00 00 00 00 00 00 00 00 00 00 00 00 00 00 00 00 00 00 00 00 00 00 00 00 00 00 00 00 00 00 00 00 00 00 00 00 00 00 00 00 00 00 00 00 00
00 00 00 09 46 46 00 24 00 F6
0B 0D 00 0C 08 00 09 02 00 00 00 00 00 00 09 00 00 00 00 00 00 00 03 00 09 08 00 0D 0D 00 06 01 40 40 00 00 00 01 06 00 04 04 00 00 00 01 09 01 00 00 00 00 00 00 02 01 00 01 00 00 00 00 03 00
09 08 00 0D 0D 00 09 02 00 00 00 00 00 00 06 00 0D 0D 00 01 00 01 06 01 40 40 00 00 00 01 00 00 00 00 00 00 00 00 00 00 00 00 00 00 00 00 00 00 00 00 00 00 00 00 00 00 00 00 00 00 00 00 00 00
00 00 00 00 00 00 00 00 00 00 00 00 00 00 00 00 00 00 00 00 00 00 00 00 00 00 00 00 00 00 00 00 00 00 00 00 00 00 00 00 00 00 00 00 00 00 00 00 00 00 00 00 00 00 00 00 00 00 00 00 00 00 00 00
00 00 00 00 00 00 00 00 00 00 00 00 00 00 00 00 00 00 00 00 00 00 00 00 00 00 00 00 00 00 00 00 00 00 00 00 00 00 00 00 00 00 00 00 00 00 00 00 00 00 00 00 00 00
00 00 00 09 46 46 00 24 00 F6
0B 60 00 07 01 00 03 00 0B B8 00 02 00 00 06 01 40 40 00 00 00 01 06 00 02 02 02 00 00 00 03 00 09 08 00 81 81 00 06 00 81 81 00 01 00 01 06 01 40 40 00 00 00 01 00 00 00 00 00 00 00 00 00 00
00 00 00 00 00 00 00 00 00 00 00 00 00 00 00 00 00 00 00 00 00 00 00 00 00 00 00 00 00 00 00 00 00 00 00 00 00 00 00 00 00 00 00 00 00 00 00 00 00 00 00 00 00 00 00 00 00 00 00 00 00 00 00 00
00 00 00 00 00 00 00 00 00 00 00 00 00 00 00 00 00 00 00 00 00 00 00 00 00 00 00 00 00 00 00 00 00 00 00 00 00 00 00 00 00 00 00 00 00 00 00 00 00 00 00 00 00 00 00 00 00 00 00 00 00 00 00 00
00 00 00 00 00 00 00 00 00 00 00 00 00 00 00 00 00 00 00 00 00 00 00 00 00 00 00 00 00 00 00 00 00 00 00 00 00 00 00 00 00 00 00 00 00 00 00 00 00 00 00 00 00 00
00 00 00 09 46 46 00 24 00 08
0C 00 07 00 00 00 00 00
46 46 00 06 00 00 00 06 00 0C
04 00 00 C0 00 00 00 00 00 00 95 98
46 46 00 06 00 00 00 06 00 0C
04 00 00 02 00 00 00 02 00 00 95 98
46 46 00 06 00 00 00 06 00 0C
04 00 00 09 00 00 00 00 00 00 95 96
46 46 00 06 00 00 00 06 00 0C
04 00 00 08 00 00 00 02 00 00 95 9A
